{
 "cells": [
  {
   "cell_type": "code",
   "execution_count": 1,
   "metadata": {},
   "outputs": [],
   "source": [
    "import numpy as np\n",
    "from utils.database_repository import DataRepository\n",
    "from utils.objects import *\n",
    "import matplotlib.pyplot as plt\n",
    "from collections import defaultdict\n",
    "import numpy as np\n",
    "import time\n",
    "from datetime import datetime\n",
    "import inspect\n",
    "from utils.constants import *\n",
    "from datetime import datetime\n",
    "import math\n",
    "import statistics\n",
    "from sklearn.cluster import DBSCAN\n",
    "from sklearn.datasets import make_blobs\n",
    "from pathlib import Path\n",
    "from scipy.stats import norm, mannwhitneyu\n",
    "import statistics\n"
   ]
  },
  {
   "cell_type": "code",
   "execution_count": 2,
   "metadata": {},
   "outputs": [],
   "source": [
    "# CONFIGURATION\n",
    "min_temp = 0\n",
    "max_temp = 200\n",
    "\n",
    "min_battery = 40\n",
    "max_battery = 80\n",
    "\n",
    "between = 0\n",
    "duration = 1\n",
    "\n",
    "special_between = {\n",
    "    WINDOWS_OS : {\n",
    "        CLAMP : 1\n",
    "    }\n",
    "}\n",
    "\n",
    "language = \"CSharp\"\n",
    "\n",
    "env = \"PROD\"\n",
    "\n",
    "limit = 200"
   ]
  },
  {
   "cell_type": "code",
   "execution_count": 3,
   "metadata": {},
   "outputs": [],
   "source": [
    "## OS\n",
    "oses = [\n",
    "    WINDOWS_OS,\n",
    "    LINUX_OS\n",
    "]\n",
    "\n",
    "short_os = {\n",
    "    WINDOWS_OS : \"win\",\n",
    "    LINUX_OS : \"lin\"\n",
    "}"
   ]
  },
  {
   "cell_type": "code",
   "execution_count": 4,
   "metadata": {},
   "outputs": [],
   "source": [
    "## Test cases\n",
    "test_cases = [\n",
    "    IDLE_CASE,\n",
    "    # DINING_PHILOSOPHERS,\n",
    "    BINARY_TREE,\n",
    "    # REVERSE_COMPLEMENT\n",
    "    FANNKUCH_REDUX,\n",
    "    NBODY,\n",
    "    FASTA\n",
    "]\n",
    "\n",
    "short_test_case = {\n",
    "    IDLE_CASE : \"idle\",\n",
    "    DINING_PHILOSOPHERS : \"din\",\n",
    "    BINARY_TREE : \"bin\",\n",
    "    REVERSE_COMPLEMENT : \"rev\",\n",
    "    FANNKUCH_REDUX : \"fann\",\n",
    "    NBODY : \"nbody\",\n",
    "    FASTA : \"fasta\"\n",
    "}"
   ]
  },
  {
   "cell_type": "code",
   "execution_count": 5,
   "metadata": {},
   "outputs": [],
   "source": [
    "## Profilers\n",
    "profilers = [\n",
    "    INTEL_POWER_GADGET,\n",
    "    RAPL,\n",
    "    HARDWARE_MONITOR,\n",
    "    CLAMP,\n",
    "    # E3\n",
    "]\n",
    "\n",
    "short_profilers = {\n",
    "    INTEL_POWER_GADGET : \"IPG\",\n",
    "    RAPL : \"RA\",\n",
    "    HARDWARE_MONITOR : \"HWM\",\n",
    "    E3 : \"E3\",\n",
    "    CLAMP : \"CL\"\n",
    "}"
   ]
  },
  {
   "cell_type": "code",
   "execution_count": 6,
   "metadata": {},
   "outputs": [],
   "source": [
    "## DUT\n",
    "duts = [\n",
    "    SURFACE_4_PRO,\n",
    "    SURFACE_BOOK,\n",
    "    POWER_KOMPLETT\n",
    "]\n",
    "\n",
    "short_duts = {\n",
    "    SURFACE_4_PRO : \"pro\",\n",
    "    SURFACE_BOOK : \"book\",\n",
    "    POWER_KOMPLETT : \"pow\",\n",
    "}\n",
    "\n",
    "dut_version = {\n",
    "    SURFACE_BOOK : {\n",
    "            WINDOWS_OS : 6,\n",
    "            LINUX_OS : 3\n",
    "        },\n",
    "    SURFACE_4_PRO : {\n",
    "        WINDOWS_OS : 12,\n",
    "        LINUX_OS : 2,\n",
    "    },\n",
    "    POWER_KOMPLETT : {\n",
    "        WINDOWS_OS : 8,\n",
    "        LINUX_OS : 1,\n",
    "    }\n",
    "}"
   ]
  },
  {
   "cell_type": "code",
   "execution_count": 7,
   "metadata": {},
   "outputs": [],
   "source": [
    "comparison_types = [PACKAGE_TOTAL, DRAM_TOTAL,CORE_TOTAL]"
   ]
  },
  {
   "cell_type": "code",
   "execution_count": 8,
   "metadata": {},
   "outputs": [],
   "source": [
    "# repository = DataRepository()\n",
    "\n",
    "# data = repository.get_experiments(\n",
    "#         duts,\n",
    "#         oses,\n",
    "#         test_cases,\n",
    "#         profilers,\n",
    "#         dut_version,\n",
    "#         min_temp,\n",
    "#         max_temp,\n",
    "#         min_battery,\n",
    "#         max_battery,\n",
    "#         duration,\n",
    "#         between,\n",
    "#         env,\n",
    "#         language,\n",
    "#         special_between\n",
    "#     )\n",
    "\n",
    "# repository.close()\n",
    "# %store data"
   ]
  },
  {
   "cell_type": "code",
   "execution_count": 9,
   "metadata": {},
   "outputs": [],
   "source": [
    "%store -r"
   ]
  },
  {
   "cell_type": "code",
   "execution_count": 10,
   "metadata": {},
   "outputs": [
    {
     "data": {
      "text/plain": [
       "dict_keys(['TestCaseIdle', 'BinaryTrees', 'FannkuchRedux', 'Nbody', 'Fasta'])"
      ]
     },
     "execution_count": 10,
     "metadata": {},
     "output_type": "execute_result"
    }
   ],
   "source": [
    "data.keys()\n",
    "data['PowerKomplett'].keys()\n",
    "data['PowerKomplett']['Win32NT'].keys()\n",
    "# data['PowerKomplett']['Win32NT']['TestCaseIdle'].keys()\n",
    "# data['PowerKomplett']['Win32NT']['TestCaseIdle']['IntelPowerGadget'].keys()\n",
    "# experiment = data['PowerKomplett']['Win32NT']['TestCaseIdle']['IntelPowerGadget']['experiment']\n",
    "# for e in experiment.experiments:\n",
    "#     print(e.CumulativeProcessorEnergyInJoules)\n"
   ]
  },
  {
   "cell_type": "code",
   "execution_count": 11,
   "metadata": {},
   "outputs": [],
   "source": [
    "class ExpDataPoint(object):\n",
    "    def __init__(self, exp_id, consumption, runs, duration):\n",
    "        self.exp_id = exp_id\n",
    "        self.x = consumption/ runs\n",
    "        self.y = duration / runs\n",
    "    \n",
    "    def set_id(self, id):\n",
    "        self.id = id\n",
    "    \n",
    "    def get_tuple(self):\n",
    "        return (self.x, self.y)\n",
    "\n",
    "    def set_distance_to_k(self, value):\n",
    "        self.dist = value\n",
    "\n",
    "def find_outliers(experiments, k, points_to_look_back, profiler, y_max, y_min, x_min, x_max, use_x_lim, use_y_lim, min_sampels=4, show_graphs=False):\n",
    "    exp_data_points = [] #here \n",
    "\n",
    "    for e in experiments:\n",
    "        if profiler == INTEL_POWER_GADGET:\n",
    "            power = e.CumulativeProcessorEnergyInJoules\n",
    "        elif profiler == HARDWARE_MONITOR:\n",
    "            power = e.cpuPowerPacketTotalJ\n",
    "        elif profiler == RAPL:\n",
    "            power = e.CoreStopInJoules - e.CoreStartInJoules\n",
    "        elif profiler == CLAMP:\n",
    "            power = e.TrueRMS\n",
    "        else:\n",
    "            raise Exception(\"profiler not implemented\") ## ipg CumulativeProcessorEnergyInJoules, TrueRMS, x.CoreStopInJoules - x.CoreStartInJoules\n",
    "        \n",
    "        exp_data_points.append(ExpDataPoint(\n",
    "            e.id, power, e.runs, e.duration\n",
    "        ))\n",
    "    \n",
    "    # if show_graphs:\n",
    "    #     plt.scatter(*zip(*(x.get_tuple() for x in exp_data_points)))\n",
    "    #     plt.show()\n",
    "    \n",
    "    for p1 in exp_data_points:\n",
    "        dists = []\n",
    "        for p2 in exp_data_points:\n",
    "            if p1.exp_id == p2.exp_id:\n",
    "                dists.append(math.inf)\n",
    "            else:\n",
    "                dists.append(math.dist(p1.get_tuple(), p2.get_tuple()))\n",
    "        sorted_by_second = sorted(dists, key=lambda tup: tup)\n",
    "        p1.set_distance_to_k(sorted_by_second[k])\n",
    "    \n",
    "    exp_data_points = sorted(exp_data_points, key=lambda tup: tup.dist)\n",
    "    \n",
    "    for i in range(len(exp_data_points)):\n",
    "        exp_data_points[i].set_id(i)\n",
    "\n",
    "    if show_graphs:\n",
    "        plt.scatter(*zip(*((x.id, x.dist) for x in exp_data_points)))\n",
    "\n",
    "        plt.show()\n",
    "    \n",
    "    eps = exp_data_points[-points_to_look_back].dist\n",
    "    min_sampels = 4\n",
    "    \n",
    "    data_arr = np.array([x.get_tuple() for x in exp_data_points])\n",
    "    \n",
    "    dbscan = DBSCAN(eps = eps, min_samples = min_sampels)\n",
    "    pred = dbscan.fit_predict(data_arr)\n",
    "    anom_index = np.where(pred == -1)\n",
    "    values = data_arr[anom_index]\n",
    "\n",
    "    if show_graphs:\n",
    "        plt.scatter(data_arr[:,0], data_arr[:,1])\n",
    "        plt.scatter(values[:,0], values[:,1], color='r')\n",
    "        if use_x_lim:\n",
    "            plt.xlim(x_min, x_max)\n",
    "        if use_y_lim:\n",
    "            plt.ylim(y_min,y_max)\n",
    "        plt.show()\n",
    "\n",
    "    points_to_remove = []\n",
    "\n",
    "    for v in values:\n",
    "        for e in exp_data_points:\n",
    "            tup = (v[0], v[1])\n",
    "            \n",
    "            if tup == e.get_tuple():\n",
    "                points_to_remove.append(e)\n",
    "                break\n",
    "\n",
    "    #print(f\"{len(points_to_remove)} points were removed\")\n",
    "                \n",
    "    # for p in points_to_remove:\n",
    "    #     print(f\"{p.exp_id} - {p.get_tuple()}\")\n",
    "    \n",
    "    return [x.exp_id for x in points_to_remove]\n",
    "    "
   ]
  },
  {
   "cell_type": "code",
   "execution_count": 12,
   "metadata": {},
   "outputs": [
    {
     "data": {
      "text/plain": [
       "True"
      ]
     },
     "execution_count": 12,
     "metadata": {},
     "output_type": "execute_result"
    }
   ],
   "source": [
    "data[SURFACE_4_PRO][WINDOWS_OS][IDLE_CASE][INTEL_POWER_GADGET][\"contains_data\"] #here\n"
   ]
  },
  {
   "cell_type": "code",
   "execution_count": 13,
   "metadata": {},
   "outputs": [],
   "source": [
    "for d in duts: #here\n",
    "    for o in oses:\n",
    "        for t in test_cases:\n",
    "            for p in profilers:\n",
    "                if data[d][o][t][p][\"contains_data\"]:\n",
    "                    ee = data[d][o][t][p][\"experiment\"]\n",
    "                    removed_points = find_outliers(ee.experiments, ee.k, ee.look_back, p, 0, 0, 0, 0, False, False, min_sampels=4, show_graphs=False)\n",
    "                    \n",
    "                    for e in ee.experiments:\n",
    "                        if e.id in removed_points:\n",
    "                            e.is_outlier = True\n",
    "                        else:\n",
    "                            e.is_outlier = False"
   ]
  },
  {
   "cell_type": "code",
   "execution_count": 14,
   "metadata": {},
   "outputs": [],
   "source": [
    "def GetData(experiments, profiler, raw = False):\n",
    "    data = []\n",
    "    for e in experiments:\n",
    "        if(not raw):\n",
    "            r = e.runs\n",
    "        else:\n",
    "            r = 1 \n",
    "\n",
    "        if profiler == INTEL_POWER_GADGET:\n",
    "            power = e.CumulativeProcessorEnergyInJoules/r\n",
    "        elif profiler == HARDWARE_MONITOR:\n",
    "            power = e.cpuPowerPacketTotalJ/r\n",
    "        elif profiler == RAPL:\n",
    "            power = (e.CoreStopInJoules - e.CoreStartInJoules)/r\n",
    "        elif profiler == CLAMP:\n",
    "            power = e.TrueRMS/r\n",
    "        else:\n",
    "            raise Exception(\"profiler not implemented\") ## ipg CumulativeProcessorEnergyInJoules, TrueRMS, x.CoreStopInJoules - x.CoreStartInJoules\n",
    "        data.append(power)  \n",
    "    return data"
   ]
  },
  {
   "cell_type": "markdown",
   "metadata": {},
   "source": [
    "### Testing for normal distribution (Sharpiro Wilk)"
   ]
  },
  {
   "cell_type": "code",
   "execution_count": 15,
   "metadata": {},
   "outputs": [],
   "source": [
    "from scipy import stats\n",
    "def NormDist(experiments, pval, profiler):\n",
    "    data = GetData(experiments,profiler)\n",
    "    shapiro_test = stats.shapiro(data)\n",
    "    if(shapiro_test.pvalue <= pval):\n",
    "        return True\n",
    "    else:\n",
    "        return False    "
   ]
  },
  {
   "cell_type": "code",
   "execution_count": 16,
   "metadata": {},
   "outputs": [],
   "source": [
    "def PlotNormalDist(data,p):\n",
    "    NumData = GetData(data,p)\n",
    "\n",
    "    NumData.sort()\n",
    "    NumData = NumData[:-2]\n",
    "    mu, std = norm.fit(NumData) \n",
    "\n",
    "\n",
    "    plt.hist(NumData, bins=5, density=True, alpha=0.6, color='b')\n",
    "    # plt.ylabel('some numbers')\n",
    "    # plt.show()\n",
    "    # Plot the PDF.\n",
    "    xmin, xmax = plt.xlim()\n",
    "    x = np.linspace(xmin, xmax, 100)\n",
    "    p = norm.pdf(x, mu, std)\n",
    "    \n",
    "    plt.plot(x, p, 'k', linewidth=2)\n",
    "    title = \"Fit Values: {:.2f} and {:.2f}\".format(mu, std)\n",
    "    plt.title(title)\n",
    "    \n",
    "    plt.show()"
   ]
  },
  {
   "cell_type": "code",
   "execution_count": 17,
   "metadata": {},
   "outputs": [],
   "source": [
    "NormDists = []\n",
    "for d in duts: #here\n",
    "    for o in oses:\n",
    "        for t in test_cases:\n",
    "            for p in profilers:\n",
    "                if data[d][o][t][p][\"contains_data\"]:\n",
    "                    ee = data[d][o][t][p][\"experiment\"]\n",
    "                    NormDists.append((NormDist([x for x in ee.experiments if x.is_outlier == False], 0.05,p), p,t,o,d))\n",
    "                    #print([x[0] for x in NormDists])\n",
    "                    #PlotNormalDist([x for x in ee.experiments if x.is_outlier == False],p)"
   ]
  },
  {
   "cell_type": "markdown",
   "metadata": {},
   "source": [
    "Most of the distributions are normally distributed, but not all because of this the statistical methods will have to be able to handle both normally and non-normally distributed data.\n",
    "\n",
    "### Checking if data is part of the same distribution(mannwhitneyu)"
   ]
  },
  {
   "cell_type": "code",
   "execution_count": 18,
   "metadata": {},
   "outputs": [],
   "source": [
    "def MannwhitneyTest(data1,data2,pval,profiler1, profiler2):\n",
    "    dist1 = GetData(data1,profiler1)\n",
    "    dist2 = GetData(data2,profiler2)\n",
    "    nx, ny = len(dist1), len(dist2)\n",
    "    U1, p = mannwhitneyu(dist1, dist2, method=\"asymptotic\")\n",
    "    U2 = nx*ny - U1\n",
    "    if(p <= pval):\n",
    "        #return (True, U1, U2, p)\n",
    "        return p\n",
    "    else:\n",
    "        #return (False, U1, U2, p)\n",
    "        return p"
   ]
  },
  {
   "cell_type": "code",
   "execution_count": 19,
   "metadata": {},
   "outputs": [],
   "source": [
    "#dict_keys(['TestCaseIdle', 'BinaryTrees', 'FannkuchRedux', 'Nbody', 'Fasta'])\n",
    "Idle = []\n",
    "Fasta = []\n",
    "Binary = []\n",
    "Fannkuch = []\n",
    "Nbody = []\n",
    "Fasta = []\n",
    "for d in duts: #here\n",
    "    for o in oses:\n",
    "        for t in test_cases:\n",
    "            if(t == IDLE_CASE):\n",
    "                for p in profilers:\n",
    "                    if data[d][o][t][p][\"contains_data\"]:\n",
    "                        Idle.append((data[d][o][t][p][\"experiment\"],d,o,t,p))\n",
    "            elif(t == BINARY_TREE):\n",
    "                for p in profilers:\n",
    "                    if data[d][o][t][p][\"contains_data\"]:\n",
    "                        Binary.append((data[d][o][t][p][\"experiment\"],d,o,t,p))\n",
    "            elif(t == FANNKUCH_REDUX):\n",
    "                for p in profilers:\n",
    "                    if data[d][o][t][p][\"contains_data\"]:\n",
    "                        Fannkuch.append((data[d][o][t][p][\"experiment\"],d,o,t,p))\n",
    "            elif(t == NBODY):\n",
    "                for p in profilers:\n",
    "                    if data[d][o][t][p][\"contains_data\"]:\n",
    "                        Nbody.append((data[d][o][t][p][\"experiment\"],d,o,t,p))\n",
    "            elif(t == FASTA):\n",
    "                for p in profilers:\n",
    "                    if data[d][o][t][p][\"contains_data\"]:\n",
    "                        Binary.append((data[d][o][t][p][\"experiment\"],d,o,t,p))\n",
    "            else:\n",
    "                raise Exception(\"Test case not found\")"
   ]
  },
  {
   "cell_type": "code",
   "execution_count": 33,
   "metadata": {},
   "outputs": [],
   "source": [
    "def PlotHeat(ExtractedData,keys,test_case = \"test\"):\n",
    "    import numpy as np\n",
    "    import matplotlib\n",
    "    import matplotlib as mpl\n",
    "    import matplotlib.pyplot as plt\n",
    "\n",
    "    vegetables = keys #Y axis\n",
    "    farmers = keys #X axis\n",
    "\n",
    "\n",
    "    harvest = np.array(ExtractedData)\n",
    "\n",
    "\n",
    "    fig, ax = plt.subplots()\n",
    "    im = ax.imshow(harvest)\n",
    "\n",
    "    # Show all ticks and label them with the respective list entries\n",
    "    ax.set_xticks(np.arange(len(farmers)), labels=farmers)\n",
    "    ax.set_yticks(np.arange(len(vegetables)), labels=vegetables)\n",
    "\n",
    "    # Rotate the tick labels and set their alignment.\n",
    "    plt.setp(ax.get_xticklabels(), rotation=45, ha=\"right\",\n",
    "            rotation_mode=\"anchor\")\n",
    "\n",
    "    # Loop over data dimensions and create text annotations.\n",
    "    for i in range(len(vegetables)):\n",
    "        for j in range(len(farmers)):\n",
    "            text = ax.text(j, i, harvest[i, j],\n",
    "                        ha=\"center\", va=\"center\", color=\"w\")\n",
    "\n",
    "    ax.set_title(test_case)\n",
    "    fig.tight_layout()\n",
    "    plt.show()"
   ]
  },
  {
   "cell_type": "code",
   "execution_count": 34,
   "metadata": {},
   "outputs": [
    {
     "data": {
      "text/plain": [
       "(<utils.objects.Experiment at 0x1ef050722f0>,\n",
       " 'Surface4Pro',\n",
       " 'Win32NT',\n",
       " 'BinaryTrees',\n",
       " 'IntelPowerGadget')"
      ]
     },
     "execution_count": 34,
     "metadata": {},
     "output_type": "execute_result"
    }
   ],
   "source": [
    "Binary[0]"
   ]
  },
  {
   "cell_type": "code",
   "execution_count": 35,
   "metadata": {},
   "outputs": [
    {
     "name": "stdout",
     "output_type": "stream",
     "text": [
      "[1.0, 1.8535267635085654e-42, 6.416675761728916e-41, 7.378401277502693e-42, 4.670924145535513e-44, 2.89618689628324e-41, 3.658319828588521e-42, 3.060871141055852e-20, 2.49467726299882e-43, 1.9547175711912427e-41]\n",
      "[1.8535267635085654e-42, 1.0, 4.0837737908470733e-42, 2.563925627571129e-16, 1.5874399123287846e-42, 1.799232277051369e-42, 2.288151423336384e-43, 2.340252566196286e-43, 2.49467726299882e-43, 1.1999405437470518e-42]\n",
      "[6.416675761728916e-41, 4.0837737908470733e-42, 1.0, 1.6201016858870004e-41, 1.6201016858870004e-41, 3.3812647824394447e-41, 9.766908677012088e-35, 2.8423445989420737e-38, 7.143875795425793e-41, 2.3369757738495724e-41]\n",
      "[7.378401277502693e-42, 2.563925627571129e-16, 1.6201016858870004e-41, 1.0, 4.144112745065988e-42, 7.481358317776405e-42, 1.1440377941649645e-42, 1.1440377941649645e-42, 1.6201016858870004e-41, 5.107809132556647e-42]\n",
      "[4.670924145535513e-44, 1.5874399123287846e-42, 1.6201016858870004e-41, 4.144112745065988e-42, 1.0, 7.481358317776405e-42, 1.1440377941649645e-42, 1.1440377941649645e-42, 1.6201016858870004e-41, 5.107809132556647e-42]\n",
      "[2.89618689628324e-41, 1.799232277051369e-42, 3.3812647824394447e-41, 7.481358317776405e-42, 7.481358317776405e-42, 1.0, 7.189250380554641e-34, 1.385862667320024e-38, 3.3812647824394447e-41, 9.415084825782926e-32]\n",
      "[3.658319828588521e-42, 2.288151423336384e-43, 9.766908677012088e-35, 1.1440377941649645e-42, 1.1440377941649645e-42, 7.189250380554641e-34, 1.0, 2.580281609719055e-37, 5.4944618902254197e-42, 1.5654990917679036e-33]\n",
      "[3.060871141055852e-20, 2.340252566196286e-43, 2.8423445989420737e-38, 1.1440377941649645e-42, 1.1440377941649645e-42, 1.385862667320024e-38, 2.580281609719055e-37, 1.0, 5.4944618902254197e-42, 9.718781910227658e-39]\n",
      "[2.49467726299882e-43, 2.49467726299882e-43, 7.143875795425793e-41, 1.6201016858870004e-41, 1.6201016858870004e-41, 3.3812647824394447e-41, 5.4944618902254197e-42, 5.4944618902254197e-42, 1.0, 2.3369757738495724e-41]\n",
      "[1.9547175711912427e-41, 1.1999405437470518e-42, 2.3369757738495724e-41, 5.107809132556647e-42, 5.107809132556647e-42, 9.415084825782926e-32, 1.5654990917679036e-33, 9.718781910227658e-39, 2.3369757738495724e-41, 1.0]\n"
     ]
    },
    {
     "data": {
